0.000000000000000000e+00 0.000000000000000000e+00 -0.000000000000000000e+00 0.000000000000000000e+00
2.049212666211528144e-01 1.993188413137940929e+00 3.497462250031616038e-02 4.600000000000000000e+01
2.421506677632291604e-01 2.355304128153686616e+00 -5.466310620555919764e-01 6.000000000000000000e+00
2.369451675481361042e-01 2.304672278739578584e+00 -1.214194184836296653e-01 7.000000000000000000e+00
2.262850971268528244e-01 2.200985974251632449e+00 -4.300834755787319996e-01 5.000000000000000000e+00
2.985157919725259235e-01 2.903545481193685163e+00 2.553663262506384313e-01 9.000000000000000000e+00
2.939465590180077581e-01 2.859102352708095651e+00 -4.552242932670718667e-01 1.000000000000000000e+01
2.957983327910123639e-01 2.877113826524178908e+00 3.551272666825997515e-01 9.000000000000000000e+00
2.151998852151496833e-01 2.093164486009354341e+00 -2.583630080189126543e-01 1.000000000000000000e+00
2.030352521052218584e-01 1.974843893107653958e+00 3.144332747308640763e-01 3.400000000000000000e+01
2.414615791723161708e-01 2.348601634958714435e+00 -2.065591103119498728e-01 5.000000000000000000e+00
2.331117992584526843e-01 2.267386615888328460e+00 4.430584872643370531e-01 8.000000000000000000e+00
2.114122831140697600e-01 2.056323972840917058e+00 -1.083354294228937170e-01 3.000000000000000000e+00
2.893849955491429871e-01 2.814733822287368792e+00 6.532578618145838956e-01 1.000000000000000000e+01
2.975653123091590579e-01 2.894300540035632974e+00 -5.078650273249502023e-02 1.000000000000000000e+01
2.858892132273208042e-01 2.780731725122948195e+00 7.490223165266950422e-01 9.000000000000000000e+00
0.000000000000000000e+00 0.000000000000000000e+00 -0.000000000000000000e+00 0.000000000000000000e+00
1.785956506535918420e+00 1.707825514230547270e+01 2.997276281539070220e-01 1.100000000000000000e+01
1.625120431128004084e+00 1.554025602426916564e+01 -3.607315107458219039e+00 3.000000000000000000e+00
1.180739361155189515e+00 1.129085058486867510e+01 -5.949551505697854292e-01 2.600000000000000000e+01
6.895618127562307409e-01 6.593952613932111184e+00 -1.288723954773183689e+00 4.600000000000000000e+01
7.526371157901988740e-01 7.197111825508732963e+00 6.330993153189888867e-01 1.800000000000000000e+01
6.303341661458634615e-01 6.027586716112967480e+00 -9.598818774868566051e-01 4.200000000000000000e+01
5.525001299566880686e-01 5.283296738205019771e+00 6.522447259043493428e-01 3.100000000000000000e+01
1.781172877853642866e+00 1.703251156969159297e+01 -2.102733651112414837e+00 2.000000000000000000e+00
1.767729845345179296e+00 1.690396222471837717e+01 2.691924274412293094e+00 1.100000000000000000e+01
1.657791003943169361e+00 1.585266921918223026e+01 -1.394491883962530654e+00 3.000000000000000000e+00
1.159411303769581902e+00 1.108690048620270119e+01 2.166826951496042764e+00 2.300000000000000000e+01
6.923652868983544151e-01 6.620760907700088183e+00 -3.488714843154635536e-01 1.300000000000000000e+01
7.365537099924127640e-01 7.043313842877792830e+00 1.634944262971210538e+00 1.800000000000000000e+01
6.385101286904937279e-01 6.105769568752509535e+00 -1.071577755249207703e-01 4.200000000000000000e+01
5.374810167478302203e-01 5.139676080897100263e+00 1.384681891298486178e+00 3.200000000000000000e+01
0.000000000000000000e+00 0.000000000000000000e+00 -0.000000000000000000e+00 0.000000000000000000e+00
2.127233626652223486e-01 2.000414897215723631e+00 3.511424175181442758e-02 2.500000000000000000e+01
2.244063653377239564e-01 2.110279898866076920e+00 -4.899433963609379217e-01 3.000000000000000000e+00
2.223904514832501789e-01 2.091322582398964514e+00 -1.102195238476396943e-01 5.000000000000000000e+00
2.032416103519578410e-01 1.911250085501956519e+00 -3.736040129472747440e-01 7.000000000000000000e+00
3.038035507525508327e-01 2.856917741136257405e+00 2.513571620842461329e-01 1.100000000000000000e+01
3.035071316860915025e-01 2.854130265849411430e+00 -4.545985554069109091e-01 1.000000000000000000e+01
3.020611439565231704e-01 2.840532439267609011e+00 3.507399703200144714e-01 9.000000000000000000e+00
0.000000000000000000e+00 0.000000000000000000e+00 -0.000000000000000000e+00 1.100000000000000000e+01
2.088830913187140204e-01 1.964301628251487575e+00 3.128689300804617379e-01 1.300000000000000000e+01
2.087859353646171201e-01 1.963387989920964749e+00 -1.727426821258584710e-01 7.000000000000000000e+00
2.040720152972160806e-01 1.919059074615345528e+00 3.751304849102870542e-01 8.000000000000000000e+00
2.052834936768463403e-01 1.930451614522121329e+00 -1.017410989362828033e-01 1.000000000000000000e+01
2.950871580933156491e-01 2.774950243504336722e+00 6.442598196408292344e-01 1.300000000000000000e+01
3.040717649230514907e-01 2.859439982302396821e+00 -5.019312091362737593e-02 1.100000000000000000e+01
2.939597917774837699e-01 2.764348679366981365e+00 7.448812118050547326e-01 1.200000000000000000e+01
0.000000000000000000e+00 0.000000000000000000e+00 -0.000000000000000000e+00 0.000000000000000000e+00
1.850932983117522301e+00 1.712161974179499069e+01 3.006002484757712145e-01 1.100000000000000000e+01
1.673910492267635552e+00 1.548411487169851064e+01 -3.595617652632337791e+00 3.000000000000000000e+00
1.221647232382333970e+00 1.130056007551220532e+01 -5.956878539571865971e-01 2.400000000000000000e+01
7.001253160057835379e-01 6.476344385016539640e+00 -1.266208493318751405e+00 1.300000000000000000e+01
7.773268597849759542e-01 7.190479087959992022e+00 6.327506923479983003e-01 1.800000000000000000e+01
6.528567079070588530e-01 6.039097255610931470e+00 -9.620719599974199010e-01 4.400000000000000000e+01
5.694454237372839067e-01 5.267520811322665253e+00 6.505385550966772401e-01 2.900000000000000000e+01
1.840616586954495260e+00 1.702619034817558230e+01 -2.102733651112414837e+00 2.000000000000000000e+00
1.829697271135945602e+00 1.692518378824552983e+01 2.696304439433419464e+00 1.100000000000000000e+01
1.708405974480588840e+00 1.580320720764319908e+01 -1.390657031281633760e+00 3.000000000000000000e+00
1.198737769809782083e+00 1.108864148622030221e+01 2.167971805468301927e+00 2.300000000000000000e+01
7.133252070297831926e-01 6.598446868903016238e+00 -3.478247651906046789e-01 1.300000000000000000e+01
7.590404934907296619e-01 7.021325362241667811e+00 1.630445241884333374e+00 1.900000000000000000e+01
6.615387508169686681e-01 6.119408449285297813e+00 -1.074370140279172908e-01 4.100000000000000000e+01
5.545880273892284107e-01 5.130085964710291435e+00 1.382611338937665968e+00 3.100000000000000000e+01
0.000000000000000000e+00 0.000000000000000000e+00 -0.000000000000000000e+00 0.000000000000000000e+00
2.155553232034231048e-01 1.961893225374765182e+00 3.445105030719765316e-02 1.200000000000000000e+01
2.089985006413004331e-01 1.902215804407187738e+00 -4.418038707313508007e-01 9.000000000000000000e+00
2.124570334219449963e-01 1.933693904466353475e+00 -1.019504427612545755e-01 9.000000000000000000e+00
2.054091736388220513e-01 1.869547270755752555e+00 -3.655900351414598792e-01 9.000000000000000000e+00
3.120334315516128942e-01 2.839996091740351503e+00 2.499626702002836209e-01 2.400000000000000000e+01
3.087218092267218217e-01 2.809855108406470681e+00 -4.477154389451407646e-01 3.000000000000000000e+01
3.102402155431879249e-01 2.823674999380955342e+00 3.487900608255321000e-01 2.900000000000000000e+01
0.000000000000000000e+00 0.000000000000000000e+00 -0.000000000000000000e+00 1.100000000000000000e+01
2.135811258801220414e-01 1.943924917765482929e+00 3.097402407796571167e-01 8.000000000000000000e+00
2.130270080118751852e-01 1.938881571697213202e+00 -1.706509442999146753e-01 9.000000000000000000e+00
2.081965632602256755e-01 1.894916910129264664e+00 3.705510690212500124e-01 9.000000000000000000e+00
2.074400808873405611e-01 1.888031728077517624e+00 -9.954298877407916080e-02 9.000000000000000000e+00
3.037075971640893490e-01 2.764217874632441063e+00 6.420103090973906523e-01 3.000000000000000000e+01
3.123040650262360884e-01 2.842459282964451717e+00 -4.991388241063084152e-02 3.900000000000000000e+01
3.000206339347998297e-01 2.730660697411062099e+00 7.360813642715688943e-01 4.200000000000000000e+01
0.000000000000000000e+00 0.000000000000000000e+00 -0.000000000000000000e+00 0.000000000000000000e+00
1.912018492982339835e+00 1.712697856659207574e+01 3.008096773530186119e-01 8.000000000000000000e+00
1.727085101911797871e+00 1.547043066355795204e+01 -3.593818044197587103e+00 3.000000000000000000e+00
1.259313361227985650e+00 1.128034745769268454e+01 -5.948504786572995640e-01 2.400000000000000000e+01
7.242524533027563383e-01 6.487518970159149134e+00 -1.268879819254022934e+00 1.300000000000000000e+01
8.002110522795335967e-01 7.167921017209665457e+00 6.310075774930451464e-01 2.000000000000000000e+01
6.741522791028330408e-01 6.038744749170198212e+00 -9.623848289275003243e-01 4.200000000000000000e+01
5.878290334556567354e-01 5.265500984309025689e+00 6.505385550966772401e-01 3.000000000000000000e+01
0.000000000000000000e+00 0.000000000000000000e+00 -0.000000000000000000e+00 1.700000000000000000e+01
1.888985205977671722e+00 1.692065701986279080e+01 2.696617308363499443e+00 1.100000000000000000e+01
1.767980109428649138e+00 1.583674925294002911e+01 -1.394143260991540068e+00 3.000000000000000000e+00
1.237219228499144563e+00 1.108243842120419842e+01 2.167590187477548724e+00 2.200000000000000000e+01
7.385696697119262799e-01 6.615765982137906676e+00 -3.488714843154635536e-01 2.100000000000000000e+01
7.833286585160795790e-01 7.016696331255690922e+00 1.629995339775645702e+00 1.900000000000000000e+01
6.811205353278930730e-01 6.101163170043824024e+00 -1.071577755249207703e-01 4.200000000000000000e+01
5.744210162830660771e-01 5.145398159164656704e+00 1.387270081749511164e+00 3.200000000000000000e+01
0.000000000000000000e+00 0.000000000000000000e+00 -0.000000000000000000e+00 0.000000000000000000e+00
2.224022953303012862e-01 1.961128844355858325e+00 3.445105030719765316e-02 8.000000000000000000e+00
2.132217116609469165e-01 1.880175060064855019e+00 -4.368549475357857981e-01 9.000000000000000000e+00
2.176301909047176353e-01 1.919048740715780133e+00 -1.012177393738533659e-01 9.000000000000000000e+00
2.095003814823494237e-01 1.847360614774257614e+00 -3.613922372431758734e-01 9.000000000000000000e+00
3.190263584273619890e-01 2.813153491480481438e+00 2.476966208888445042e-01 2.300000000000000000e+01
3.167474226828999040e-01 2.793057985648310648e+00 -4.452124875044970453e-01 3.600000000000000000e+01
3.165158131933496488e-01 2.791015668369575042e+00 3.448902418365673572e-01 3.600000000000000000e+01
0.000000000000000000e+00 0.000000000000000000e+00 -0.000000000000000000e+00 1.100000000000000000e+01
2.192524324263221136e-01 1.933353559988465253e+00 3.081758961292548338e-01 7.000000000000000000e+00
2.173240780842268793e-01 1.916349457954332314e+00 -1.687335179594662005e-01 9.000000000000000000e+00
2.123763106896044695e-01 1.872720369781718075e+00 3.663532711229660066e-01 1.000000000000000000e+01
2.131290494175466788e-01 1.879357970483809703e+00 -9.912430112413561645e-02 9.000000000000000000e+00
3.105000002971976536e-01 2.737968625058398331e+00 6.361615816844501392e-01 9.000000000000000000e+00
3.201962124258947440e-01 2.823469187264108005e+00 -4.959973909475973858e-02 1.300000000000000000e+01
3.078090965529951539e-01 2.714240412441243588e+00 7.319402595499285846e-01 1.300000000000000000e+01
0.000000000000000000e+00 0.000000000000000000e+00 -0.000000000000000000e+00 0.000000000000000000e+00
1.973163951240149983e+00 1.713211941118817805e+01 3.010191062302660092e-01 1.100000000000000000e+01
1.781522398630386084e+00 1.546817964511225796e+01 -3.594717848414962447e+00 7.000000000000000000e+00
1.299367011086254076e+00 1.128183533806058492e+01 -5.951644943947571598e-01 2.600000000000000000e+01
7.520601909768906967e-01 6.529809643095868310e+00 -1.277657033041343926e+00 5.200000000000000000e+01
8.272785598283305397e-01 7.182897834914768076e+00 6.325763808625030071e-01 1.900000000000000000e+01
6.945492747845757320e-01 6.030467516439683706e+00 -9.614462221372589434e-01 4.400000000000000000e+01
6.071139939346454906e-01 5.271305222130433066e+00 6.515135098439184258e-01 3.200000000000000000e+01
0.000000000000000000e+00 0.000000000000000000e+00 -0.000000000000000000e+00 1.700000000000000000e+01
1.953236196774586153e+00 1.695909543673014852e+01 2.703813293755350067e+00 1.100000000000000000e+01
1.820970277186195752e+00 1.581068831780081752e+01 -1.392400146136586914e+00 7.000000000000000000e+00
1.277244398415352533e+00 1.108975436996508535e+01 2.169879895422067495e+00 2.200000000000000000e+01
7.662289110397836334e-01 6.652830441174312881e+00 -3.509649225651813031e-01 6.400000000000000000e+01
8.091545412552779704e-01 7.025534910151736590e+00 1.632694752427771956e+00 1.800000000000000000e+01
7.035574153598632696e-01 6.108681260366841670e+00 -1.073322995892936060e-01 4.400000000000000000e+01
5.897258678944079513e-01 5.120331730307358775e+00 1.381058424667050755e+00 3.200000000000000000e+01
0.000000000000000000e+00 0.000000000000000000e+00 -0.000000000000000000e+00 0.000000000000000000e+00
2.266916313820337148e-01 1.938492800383441184e+00 3.406709736557741314e-02 6.000000000000000000e+00
2.184253632157063252e-01 1.867806021040185449e+00 -4.341555348836593775e-01 9.000000000000000000e+00
2.215437988050074358e-01 1.894472488176469849e+00 -9.996167642402271902e-02 1.000000000000000000e+01
2.154915303478278643e-01 1.842718134657973739e+00 -3.606290012616696905e-01 9.000000000000000000e+00
3.237529697981849641e-01 2.768486852515891439e+00 2.438617682079475546e-01 9.000000000000000000e+00
3.244301123331633785e-01 2.774277255632612516e+00 -4.423966671337728473e-01 1.000000000000000000e+01
3.253340682353830227e-01 2.782007192541327445e+00 3.439152870893261715e-01 1.100000000000000000e+01
0.000000000000000000e+00 0.000000000000000000e+00 -0.000000000000000000e+00 1.100000000000000000e+01
2.225581392950272408e-01 1.903146349337789367e+00 3.034828621780478741e-01 7.000000000000000000e+00
2.240120620190443612e-01 1.915579180296914208e+00 -1.687335179594662005e-01 9.000000000000000000e+00
2.166316971750650577e-01 1.852467966058280568e+00 3.625370912154351477e-01 1.000000000000000000e+01
2.178320702386408181e-01 1.862732634971419055e+00 -9.828692582424851387e-02 9.000000000000000000e+00
3.157547996745184715e-01 2.700092641814568761e+00 6.276134416193832610e-01 8.000000000000000000e+00
3.258692201116734632e-01 2.786583400551196910e+00 -4.897145246301753269e-02 1.000000000000000000e+01
3.152622151473004619e-01 2.695880437095007576e+00 7.272815167380832779e-01 9.000000000000000000e+00
0.000000000000000000e+00 0.000000000000000000e+00 -0.000000000000000000e+00 0.000000000000000000e+00
2.038611758867322266e+00 1.717278546292876129e+01 3.018568217392555986e-01 1.100000000000000000e+01
1.834586666744584482e+00 1.545412612485806392e+01 -3.592918239980211315e+00 7.000000000000000000e+00
1.338740049386889064e+00 1.127723096796280977e+01 -5.951644943947571598e-01 2.300000000000000000e+01
7.753117711398471723e-01 6.531043811924977405e+00 -1.278420269022850331e+00 6.000000000000000000e+01
8.504675450214764787e-01 7.164138355579869000e+00 6.311818889785404396e-01 1.900000000000000000e+01
7.167596302081117310e-01 6.037814362893184850e+00 -9.630105667876611708e-01 4.200000000000000000e+01
6.250425628347685558e-01 5.265211382242021010e+00 6.510260324702978885e-01 3.200000000000000000e+01
1.735891325761255377e+00 1.462273981035990644e+01 -1.808053578758767932e+00 1.200000000000000000e+01
2.014518375870816946e+00 1.696982847738432199e+01 2.706629114126074320e+00 1.100000000000000000e+01
1.876618526573210932e+00 1.580819261559877198e+01 -1.392748769107577500e+00 7.000000000000000000e+00
1.315484211092206479e+00 1.108132926178554456e+01 2.169116659440561534e+00 2.300000000000000000e+01
7.880342851385714331e-01 6.638215274317890824e+00 -3.503368910902660005e-01 4.700000000000000000e+01
8.327544035748959406e-01 7.014927022615888852e+00 1.630895143993021046e+00 1.800000000000000000e+01
7.241692094403808788e-01 6.100230913750827710e+00 -1.072275851506698935e-01 4.100000000000000000e+01
6.096451785212609886e-01 5.135507442119040533e+00 1.385717167478896172e+00 3.200000000000000000e+01
0.000000000000000000e+00 0.000000000000000000e+00 -0.000000000000000000e+00 0.000000000000000000e+00
2.307301478848526599e-01 1.917876610215760724e+00 3.371804923683174166e-02 6.000000000000000000e+00
2.232214414206278585e-01 1.855462692343617492e+00 -4.314561222315330680e-01 9.000000000000000000e+00
2.266320774367124036e-01 1.883812602839373129e+00 -9.943831686159328165e-02 9.000000000000000000e+00
2.166765519536963669e-01 1.801060220277679758e+00 -3.526150234558548258e-01 9.000000000000000000e+00
3.315039523572578806e-01 2.755529271958672144e+00 2.428158992949756567e-01 8.000000000000000000e+00
3.298530215376478947e-01 2.741806394246157019e+00 -4.373907642524855754e-01 1.000000000000000000e+01
3.312382520162459598e-01 2.753320715885594794e+00 3.405029454739820771e-01 9.000000000000000000e+00
0.000000000000000000e+00 0.000000000000000000e+00 -0.000000000000000000e+00 1.100000000000000000e+01
2.279241908479025802e-01 1.894552916195842096e+00 3.022313864577260145e-01 6.000000000000000000e+00
2.277453570753020795e-01 1.893066412968018142e+00 -1.668160916190177534e-01 9.000000000000000000e+00
2.223045143421040759e-01 1.847841005219957200e+00 3.617738552339289648e-01 9.000000000000000000e+00
2.211451955619288257e-01 1.838204508244314361e+00 -9.703086287441786695e-02 9.000000000000000000e+00
3.228447750264971661e-01 2.683552402795200464e+00 6.240142247498814410e-01 8.000000000000000000e+00
3.336749654193987280e-01 2.773575180612233737e+00 -4.876202358577013535e-02 1.000000000000000000e+01
3.200468870616550165e-01 2.660295780568039614e+00 7.179640311143925535e-01 9.000000000000000000e+00
0.000000000000000000e+00 0.000000000000000000e+00 -0.000000000000000000e+00 0.000000000000000000e+00
2.096516822089745435e+00 1.717387059938218385e+01 3.019964409907539005e-01 1.100000000000000000e+01
1.887241156293856248e+00 1.545956372327722939e+01 -3.595617652632337791e+00 7.000000000000000000e+00
1.376129334070552934e+00 1.127272953993496429e+01 -5.951644943947571598e-01 2.300000000000000000e+01
7.922072285867000074e-01 6.489461133005288929e+00 -1.270787909207788502e+00 3.000000000000000000e+01
8.761514521410572742e-01 7.177100372384798810e+00 6.325763808625030071e-01 1.900000000000000000e+01
7.358203271454542005e-01 6.027561023905845694e+00 -9.617590910673393667e-01 4.600000000000000000e+01
6.453857520106772716e-01 5.286755286164771306e+00 6.539508967120214455e-01 3.300000000000000000e+01
1.773788496208249743e+00 1.453020256436042779e+01 -1.797329076539115222e+00 1.400000000000000000e+01
2.073174968577351507e+00 1.698266298895527626e+01 2.709757803426878997e+00 1.100000000000000000e+01
1.928547203004344235e+00 1.579792719057861028e+01 -1.392400146136586914e+00 7.000000000000000000e+00
1.353175590450795607e+00 1.108470117853876324e+01 2.170643131403573456e+00 2.300000000000000000e+01
8.054446753054520514e-01 6.597897275572206510e+00 -3.483481247530341718e-01 1.200000000000000000e+01
8.574290088216958150e-01 7.023733218120574051e+00 1.633594556645147522e+00 1.900000000000000000e+01
7.441520065461868505e-01 6.095810981357221436e+00 -1.071926803377953319e-01 4.400000000000000000e+01
6.259694984581523070e-01 5.127704701632145756e+00 1.384164253208280959e+00 3.100000000000000000e+01
0.000000000000000000e+00 0.000000000000000000e+00 -0.000000000000000000e+00 0.000000000000000000e+00
2.374233809015078023e-01 1.917059527337886315e+00 3.371804923683174166e-02 6.000000000000000000e+00
2.282597526271027966e-01 1.843068411459882538e+00 -4.287567095794066474e-01 9.000000000000000000e+00
2.302606644150417825e-01 1.859224642543216177e+00 -9.818225391176262085e-02 9.000000000000000000e+00
2.236860082320708820e-01 1.806138012125111159e+00 -3.537598774281141001e-01 9.000000000000000000e+00
3.376921778909249827e-01 2.726673356579966345e+00 2.403755384980412191e-01 8.000000000000000000e+00
3.386933295787243337e-01 2.734757090263307155e+00 -4.364521574622441391e-01 1.000000000000000000e+01
3.366993709785590649e-01 2.718657002238909826e+00 3.363593877982070657e-01 1.100000000000000000e+01
0.000000000000000000e+00 0.000000000000000000e+00 -0.000000000000000000e+00 1.100000000000000000e+01
2.335648624048264066e-01 1.885904172640359366e+00 3.009799107374041549e-01 6.000000000000000000e+00
2.323929491069527675e-01 1.876441635528925511e+00 -1.654215997350552136e-01 9.000000000000000000e+00
2.251338141105956037e-01 1.817828225795823593e+00 3.560495853726326487e-01 9.000000000000000000e+00
2.273148989854250623e-01 1.835439252659934128e+00 -9.692619096193197392e-02 9.000000000000000000e+00
3.288569153798658329e-01 2.655333608535591416e+00 6.177155952282532558e-01 8.000000000000000000e+00
3.399135981229661208e-01 2.744610068642129086e+00 -4.827335620552619666e-02 1.000000000000000000e+01
3.274315719461963758e-01 2.643824766403576998e+00 7.138229263927522439e-01 1.000000000000000000e+01
0.000000000000000000e+00 0.000000000000000000e+00 -0.000000000000000000e+00 0.000000000000000000e+00
2.160938422452070906e+00 1.720216159116643695e+01 3.026247276224960925e-01 1.200000000000000000e+01
1.939250469820991585e+00 1.543741348712403116e+01 -3.592018435762835971e+00 7.000000000000000000e+00
1.416714817149490768e+00 1.127776569660484363e+01 -5.956878539571865971e-01 2.200000000000000000e+01
1.084026120277979288e+00 8.629395588656864291e+00 -1.690567699036186866e+00 3.000000000000000000e+01
9.011988698986510560e-01 7.173998307726891177e+00 6.325763808625030071e-01 1.900000000000000000e+01
7.571021707827202407e-01 6.026915782287224133e+00 -9.620719599974199010e-01 4.800000000000000000e+01
6.606195402870548294e-01 5.258865298625627460e+00 6.507822937834875088e-01 3.100000000000000000e+01
1.809652178898696340e+00 1.440574561578571000e+01 -1.782704755330497326e+00 1.200000000000000000e+01
2.137613348531894886e+00 1.701648221847729303e+01 2.716328050958568774e+00 1.200000000000000000e+01
1.983680510540210662e+00 1.579109905817646897e+01 -1.392400146136586914e+00 7.000000000000000000e+00
1.391615473142408188e+00 1.107796223762789900e+01 2.170261513412820698e+00 2.200000000000000000e+01
1.102553140951519017e+00 8.776880033432234995e+00 -4.635919003999964816e-01 3.800000000000000000e+01
8.795122684396055046e-01 7.001362003616748098e+00 1.629095535558270136e+00 1.800000000000000000e+01
7.671705264483822395e-01 6.107064980116526876e+00 -1.074370140279172908e-01 4.600000000000000000e+01
6.433831403045418007e-01 5.121654846597698985e+00 1.383128977027870965e+00 3.100000000000000000e+01
0.000000000000000000e+00 0.000000000000000000e+00 -0.000000000000000000e+00 0.000000000000000000e+00
2.400704295442373515e-01 1.884480467298059736e+00 3.315957223083867283e-02 6.000000000000000000e+00
2.337068057823448453e-01 1.834527940019766046e+00 -4.269571011446557374e-01 9.000000000000000000e+00
2.344775862270915279e-01 1.840578334045627429e+00 -9.724020669938963912e-02 9.000000000000000000e+00
2.275082378036587805e-01 1.785871050859243025e+00 -3.499436975205831857e-01 9.000000000000000000e+00
3.446901623510705281e-01 2.705713816789317772e+00 2.386324236430880652e-01 8.000000000000000000e+00
3.432446996734094258e-01 2.694367370717504873e+00 -4.301947788606348966e-01 1.000000000000000000e+01
3.451837624332783072e-01 2.709588428566133356e+00 3.353844330509658800e-01 1.100000000000000000e+01
0.000000000000000000e+00 0.000000000000000000e+00 -0.000000000000000000e+00 1.100000000000000000e+01
2.366516183930124917e-01 1.857643830865596257e+00 2.965997457162777295e-01 6.000000000000000000e+00
2.384379720573146788e-01 1.871666168370696992e+00 -1.650729767640645718e-01 9.000000000000000000e+00
2.297411430819934763e-01 1.803398683855680362e+00 3.533782594373610086e-01 9.000000000000000000e+00
2.309440165745842155e-01 1.812840877988965316e+00 -9.577479992458720615e-02 9.000000000000000000e+00
3.366461575389518845e-01 2.642570805065352690e+00 6.150161825761268908e-01 8.000000000000000000e+00
3.459541242590114529e-01 2.715635536558993035e+00 -4.778468882528225797e-02 1.000000000000000000e+01
3.337286618709136565e-01 2.619669343980443710e+00 7.076112693102917239e-01 9.000000000000000000e+00
0.000000000000000000e+00 0.000000000000000000e+00 -0.000000000000000000e+00 0.000000000000000000e+00
2.225583021526180705e+00 1.723021165928150111e+01 3.032530142542383400e-01 1.200000000000000000e+01
1.995621683884130748e+00 1.544987703114127520e+01 -3.596517456849713135e+00 7.000000000000000000e+00
1.454281947207712422e+00 1.125888610773002796e+01 -5.949551505697854292e-01 2.000000000000000000e+01
1.115399224250895438e+00 8.635294452085775063e+00 -1.692475788989952656e+00 4.100000000000000000e+01
9.244486859594959194e-01 7.156977013737250815e+00 6.313562004640357328e-01 1.700000000000000000e+01
7.786415247005300522e-01 6.028154486951354585e+00 -9.626976978575807475e-01 4.400000000000000000e+01
6.799895682517493878e-01 5.264402214502274191e+00 6.517572485307286945e-01 3.100000000000000000e+01
0.000000000000000000e+00 0.000000000000000000e+00 -0.000000000000000000e+00 1.700000000000000000e+01
2.196998933197920945e+00 1.700891688518416345e+01 2.716328050958568774e+00 1.200000000000000000e+01
2.037768721341969957e+00 1.577617462111491164e+01 -1.391702900194605519e+00 7.000000000000000000e+00
1.429521801723131702e+00 1.106719586598772054e+01 2.169116659440561534e+00 1.900000000000000000e+01
1.133695163278918727e+00 8.776939539646685162e+00 -4.638012442249682121e-01 4.100000000000000000e+01
9.049447840980703317e-01 7.005980014746951312e+00 1.630895143993021046e+00 1.800000000000000000e+01
7.869464827495885606e-01 6.092450531458651675e+00 -1.072275851506698935e-01 4.200000000000000000e+01
6.615046088045243300e-01 5.121293752266381283e+00 1.383646615118075962e+00 3.000000000000000000e+01
0.000000000000000000e+00 0.000000000000000000e+00 -0.000000000000000000e+00 0.000000000000000000e+00
2.463874029090951101e-01 1.881648214756456827e+00 3.312466741796410430e-02 6.000000000000000000e+00
2.365669013091838135e-01 1.806649537529830374e+00 -4.206584716230275522e-01 9.000000000000000000e+00
2.409009750759622259e-01 1.839748641094350878e+00 -9.724020669938963912e-02 9.000000000000000000e+00
2.317015276952530956e-01 1.769492923731057266e+00 -3.468907535945584542e-01 9.000000000000000000e+00
3.505112477178065067e-01 2.676836785213432712e+00 2.361920628461536276e-01 8.000000000000000000e+00
3.508524083736961896e-01 2.679442211998733114e+00 -4.280046963500717117e-01 1.000000000000000000e+01
3.500007035553131529e-01 2.672937785099922525e+00 3.309971366883805444e-01 1.100000000000000000e+01
0.000000000000000000e+00 0.000000000000000000e+00 -0.000000000000000000e+00 1.100000000000000000e+01
2.423651505213032797e-01 1.850930475393861352e+00 2.956611389260363487e-01 6.000000000000000000e+00
2.413483351444380143e-01 1.843165107456924634e+00 -1.626326159671301341e-01 9.000000000000000000e+00
2.337407050567074651e-01 1.785066018769394525e+00 3.499436975205831857e-01 1.000000000000000000e+01
2.357147323402041528e-01 1.800141565936237864e+00 -9.514676844967187574e-02 9.000000000000000000e+00
3.408081455224284406e-01 2.602734681339766265e+00 6.060181404023722296e-01 8.000000000000000000e+00
3.549120967088861822e-01 2.710445847810407205e+00 -4.771487919953312090e-02 1.000000000000000000e+01
3.391086807327671204e-01 2.589755954141251593e+00 6.998466979572161017e-01 1.000000000000000000e+01
0.000000000000000000e+00 0.000000000000000000e+00 -0.000000000000000000e+00 0.000000000000000000e+00
2.287292657080310487e+00 1.723423183221333232e+01 3.034624431314857373e-01 1.200000000000000000e+01
2.046463044043485446e+00 1.541963527401122924e+01 -3.591118631545460627e+00 7.000000000000000000e+00
1.495676078825581401e+00 1.126958030866042471e+01 -5.957925258696725734e-01 1.900000000000000000e+01
1.144243760144589173e+00 8.621617427858049965e+00 -1.690567699036186866e+00 4.000000000000000000e+01
9.512604578812695610e-01 7.167531978557641459e+00 6.325763808625030071e-01 1.800000000000000000e+01
7.988992994398870229e-01 6.019525177296277896e+00 -9.617590910673393667e-01 4.600000000000000000e+01
6.986227859595804945e-01 5.263964372562321081e+00 6.520009872175390742e-01 3.000000000000000000e+01
4.191736715757481968e-01 3.158378623537392293e+00 -3.912005923305234001e-01 1.500000000000000000e+01
2.261295642298782660e+00 1.703835021719418208e+01 2.722272560630097704e+00 1.200000000000000000e+01
2.092825432825587306e+00 1.576896536698930973e+01 -1.391702900194605519e+00 3.000000000000000000e+00
1.470211169919413585e+00 1.107770799082799762e+01 2.172169603366586266e+00 1.700000000000000000e+01
1.164325492845423415e+00 8.772928732901323912e+00 -4.638012442249682121e-01 4.100000000000000000e+01
9.286255506797174153e-01 6.996983082243632524e+00 1.629545437666957808e+00 1.700000000000000000e+01
8.095237526841632114e-01 6.099578024812561949e+00 -1.074021092150427292e-01 4.800000000000000000e+01
6.786147415026008156e-01 5.113208291737501021e+00 1.382093700847460749e+00 3.200000000000000000e+01
0.000000000000000000e+00 0.000000000000000000e+00 -0.000000000000000000e+00 0.000000000000000000e+00
2.486893113671937439e-01 1.849067080896137583e+00 3.256619041197103548e-02 6.000000000000000000e+00
2.413133079314370988e-01 1.794224654952480291e+00 -4.179590589709011317e-01 9.000000000000000000e+00
2.427956328349811788e-01 1.805246110467666698e+00 -9.546078418712954095e-02 1.000000000000000000e+01
2.384001803647868289e-01 1.772564824635162184e+00 -3.476539895760646370e-01 9.000000000000000000e+00
3.556038294864926619e-01 2.644003199531222759e+00 2.334030790782285758e-01 8.000000000000000000e+00
3.578335112573848842e-01 2.660581439829389883e+00 -4.251888759793475137e-01 1.000000000000000000e+01
3.582704592102784469e-01 2.663830256882758984e+00 3.300221819411394142e-01 1.100000000000000000e+01
0.000000000000000000e+00 0.000000000000000000e+00 -0.000000000000000000e+00 1.100000000000000000e+01
2.446117232951512954e-01 1.818749196174763494e+00 2.906552360447489658e-01 6.000000000000000000e+00
2.472495632949399946e-01 1.838362194745010170e+00 -1.622839929961395200e-01 9.000000000000000000e+00
2.389235616608675616e-01 1.776456295161254584e+00 3.484172255575708199e-01 1.000000000000000000e+01
2.403996233004254135e-01 1.787431181745946285e+00 -9.451873697475655922e-02 9.000000000000000000e+00
3.478132608398215586e-01 2.586078377805566042e+00 6.024189235328704095e-01 8.000000000000000000e+00
3.590401955108359910e-01 2.669553438335580786e+00 -4.701678294204177794e-02 1.000000000000000000e+01
3.489190645871864671e-01 2.594300304578144090e+00 7.013996122278312040e-01 1.100000000000000000e+01
0.000000000000000000e+00 0.000000000000000000e+00 -0.000000000000000000e+00 0.000000000000000000e+00
2.352837549932262462e+00 1.726577035147599304e+01 3.041605393889770803e-01 9.000000000000000000e+00
2.101853906549527196e+00 1.542398320865016714e+01 -3.593818044197587103e+00 7.000000000000000000e+00
1.533926432537073170e+00 1.125637489124840762e+01 -5.953738382197290013e-01 1.600000000000000000e+01
1.175392194881741625e+00 8.625351848167216673e+00 -1.692094170999199454e+00 4.000000000000000000e+01
9.598637907572399319e-01 7.043745022000705625e+00 6.219433802472886796e-01 1.700000000000000000e+01
8.204399423473929254e-01 6.020614399050248977e+00 -9.623848289275003243e-01 4.200000000000000000e+01
7.161890898801840377e-01 5.255592913526842658e+00 6.512697711571081571e-01 3.200000000000000000e+01
0.000000000000000000e+00 0.000000000000000000e+00 -0.000000000000000000e+00 3.500000000000000000e+01
2.325024374981217168e+00 1.706166960875195926e+01 2.727278463511384921e+00 1.200000000000000000e+01
2.147856643891761230e+00 1.576156397299709333e+01 -1.391702900194605519e+00 7.000000000000000000e+00
1.506219768001365811e+00 1.105305575130494589e+01 2.168353423459055129e+00 2.000000000000000000e+01
1.195211313116087970e+00 8.770789999650657975e+00 -4.639059161374541329e-01 1.600000000000000000e+01
9.443607499507076231e-01 6.929979436134883208e+00 1.614698668080262856e+00 1.500000000000000000e+01
8.310803280573219043e-01 6.098696481735494501e+00 -1.074370140279172908e-01 4.600000000000000000e+01
6.977632653117062933e-01 5.120379134936356991e+00 1.384681891298486178e+00 3.200000000000000000e+01
0.000000000000000000e+00 0.000000000000000000e+00 -0.000000000000000000e+00 0.000000000000000000e+00
2.531809596815344787e-01 1.836346492805135844e+00 3.235676153472363120e-02 6.000000000000000000e+00
2.456648896144740801e-01 1.781831694675430011e+00 -4.152596463187747666e-01 9.000000000000000000e+00
2.485079238274308100e-01 1.802452502466249440e+00 -9.535611227464366180e-02 1.000000000000000000e+01
2.410592083436360333e-01 1.748426233777737648e+00 -3.430745736870275397e-01 9.000000000000000000e+00
3.643697048267782734e-01 2.642809437110675841e+00 2.334030790782285758e-01 8.000000000000000000e+00
3.617980007605718362e-01 2.624156613658030768e+00 -4.195572352378991732e-01 1.000000000000000000e+01
3.643908275039894895e-01 2.642962641973570559e+00 3.275847950730364500e-01 1.100000000000000000e+01
0.000000000000000000e+00 0.000000000000000000e+00 -0.000000000000000000e+00 1.100000000000000000e+01
2.511811623475707633e-01 1.821841765336037922e+00 2.912809739049098678e-01 6.000000000000000000e+00
2.484462587803200895e-01 1.802005239792417779e+00 -1.591463862572238264e-01 1.000000000000000000e+01
2.445450478413749296e-01 1.773709371752276720e+00 3.480356075668177285e-01 1.000000000000000000e+01
2.441433499731619772e-01 1.770795817461353616e+00 -9.368136167486945665e-02 9.000000000000000000e+00
3.547901385223119486e-01 2.573327897077300364e+00 5.997195108807440445e-01 8.000000000000000000e+00
3.667983051265379935e-01 2.660424314819090696e+00 -4.687716369054351073e-02 1.000000000000000000e+01
3.514515481303043809e-01 2.549112771402021860e+00 6.894939361531152722e-01 1.000000000000000000e+01
0.000000000000000000e+00 0.000000000000000000e+00 -0.000000000000000000e+00 0.000000000000000000e+00
2.410356546618324991e+00 1.725985360453271511e+01 3.041954442018516280e-01 1.200000000000000000e+01
2.154068233574631730e+00 1.542464844789609302e+01 -3.595617652632337791e+00 7.000000000000000000e+00
1.570693005462431069e+00 1.124727018912603604e+01 -5.951644943947571598e-01 1.900000000000000000e+01
9.196907557968776459e-01 6.585634738879869943e+00 -1.292540134680714603e+00 1.100000000000000000e+01
9.964435399649992364e-01 7.135238829752092116e+00 6.303103315510638627e-01 1.800000000000000000e+01
8.379415989482280613e-01 6.000253094209398341e+00 -9.595690085567761818e-01 4.400000000000000000e+01
7.344369938363144446e-01 5.259087089481599087e+00 6.520009872175390742e-01 3.100000000000000000e+01
0.000000000000000000e+00 0.000000000000000000e+00 -0.000000000000000000e+00 1.700000000000000000e+01
2.383502611419739736e+00 1.706756048056171693e+01 2.729468546021948328e+00 1.200000000000000000e+01
2.200663194181549542e+00 1.575830124292041035e+01 -1.392051523165596105e+00 7.000000000000000000e+00
1.545037024057937414e+00 1.106355525958856134e+01 2.171406367385079861e+00 2.000000000000000000e+01
9.320292297626173728e-01 6.673986918415625524e+00 -3.531630327273849734e-01 3.700000000000000000e+01
9.781173197750674397e-01 7.004010162339204371e+00 1.632694752427771956e+00 1.800000000000000000e+01
8.490871598529269315e-01 6.080063174516975977e+00 -1.071577755249207703e-01 4.200000000000000000e+01
7.155407945675824610e-01 5.123776969691244076e+00 1.386234805569100947e+00 3.200000000000000000e+01
0.000000000000000000e+00 0.000000000000000000e+00 -0.000000000000000000e+00 0.000000000000000000e+00
2.595894627004385335e-01 1.835451538678666283e+00 3.235676153472363120e-02 6.000000000000000000e+00
2.491541847685938560e-01 1.761667931527221453e+00 -4.107606252318974360e-01 9.000000000000000000e+00
2.533996901744416386e-01 1.791686173980399310e+00 -9.483275271221422442e-02 1.000000000000000000e+01
2.460611715028230562e-01 1.739798492379902140e+00 -3.415481017240152295e-01 9.000000000000000000e+00
3.680124380288058439e-01 2.602066311190519787e+00 2.299168493683222403e-01 8.000000000000000000e+00
3.704025600437056420e-01 2.618965892106637661e+00 -4.189314973777382711e-01 1.000000000000000000e+01
3.691664798827092864e-01 2.610226071892713495e+00 3.236849760840717072e-01 1.100000000000000000e+01
0.000000000000000000e+00 0.000000000000000000e+00 -0.000000000000000000e+00 1.100000000000000000e+01
2.542195315012438783e-01 1.797482938645257544e+00 2.875265467439443445e-01 6.000000000000000000e+00
2.541768999577271870e-01 1.797181508335529587e+00 -1.587977632862331845e-01 9.000000000000000000e+00
2.471608862357965730e-01 1.747574128100035873e+00 3.430745736870275397e-01 9.000000000000000000e+00
2.492043310655932542e-01 1.762022495603239980e+00 -9.326267402492589842e-02 9.000000000000000000e+00
3.588584369887194425e-01 2.537342091958703083e+00 5.916212729243648383e-01 8.000000000000000000e+00
3.730023347540281642e-01 2.637347841984879704e+00 -4.649321074892327765e-02 1.000000000000000000e+01
3.589948153980767609e-01 2.538306368238230526e+00 6.869057457020900648e-01 1.100000000000000000e+01
0.000000000000000000e+00 0.000000000000000000e+00 -0.000000000000000000e+00 0.000000000000000000e+00
2.474842300671153961e+00 1.728102722374616462e+01 3.047190163949701214e-01 1.200000000000000000e+01
2.204029493432953846e+00 1.539002855560746674e+01 -3.589319023110709495e+00 7.000000000000000000e+00
1.611642586097516539e+00 1.125358144951173855e+01 -5.957925258696725734e-01 2.000000000000000000e+01
9.357152823499972349e-01 6.533798643889530133e+00 -1.282999684911887206e+00 4.700000000000000000e+01
1.023886163006804573e+00 7.149467524512248318e+00 6.318791349205217234e-01 1.800000000000000000e+01
8.611216022398089365e-01 6.012934984676174821e+00 -9.620719599974199010e-01 3.900000000000000000e+01
7.519459085406836607e-01 5.250596255265290502e+00 6.512697711571081571e-01 3.400000000000000000e+01
0.000000000000000000e+00 0.000000000000000000e+00 -0.000000000000000000e+00 1.700000000000000000e+01
2.447825666724608329e+00 1.709237876457055094e+01 2.734787317833315967e+00 1.200000000000000000e+01
2.253961815391531065e+00 1.573868988844351513e+01 -1.391005654252624346e+00 7.000000000000000000e+00
1.583924947011848161e+00 1.106003809707772589e+01 2.171787985375833063e+00 2.000000000000000000e+01
9.533381214670305637e-01 6.656853257291992954e+00 -3.524303293399837500e-01 5.200000000000000000e+01
9.997972846244497225e-01 6.981262640103212291e+00 1.628195731340894792e+00 1.800000000000000000e+01
8.725732647727161284e-01 6.092898258269265455e+00 -1.074370140279172908e-01 4.200000000000000000e+01
7.315046700820821979e-01 5.107861666401030121e+00 1.382611338937665968e+00 3.200000000000000000e+01
